9531772
5988370
7825208
7668842
1725047
4884540
85809
6038600
7221896
29808429
27719898
3666024
4465156
1788979
15145764
6990206
4330758
1754730
9851854
2183014
3655326
3120430
4458206
4972
13028258
4983780
11580854
4736550
28362963
16492678
21383812
14429
28228231
253779
2398149
14878948
253614
13529034
4558362
18687124
13491678
14888874
19857862
1520498
11375428
211946
13349716
6173990
289635
18578
1808197
12964320
15576460
1865569
17592606
252591
13427
17075
7063210
410369
14753612
14341
8737152
101420
16332
8075016
4107858
253991
18568902
26537229
11720440
9968
28145495
4139928
1033483
16747572
2749296
436613
8402090
267351
13423846
9592496
1092011
1309000
27542289
13468976
13334578
1388418
14295590
252695
10263320
330994
385277
11416594
8345300
252361
18806
1621830
253621
289968
6609088
478988
14923112
3320578
3073256
18192
26243612
426615
27191600
10351180
4921860
1196334
13801462
19289040
263065
4833824
463392
364986
1318044
71650
1862472
7974772
105575
2185022
16641
253622
9000388
3626742
14598754
1985266
10472102
289967
1723122
253963
10320050
1248971
15419420
18559904
69095
6040012
263776
166195
263102
5934922
15566126
252611
456047
1278104
99729
5598216
2321341
19585
953989
2865074
404090
7535868
2325915
3283714
5427032
396857
1282371
5963218
2246837
494823
111252
419781
252269
1508669
1711018
60753
1517561
253623
6155190
6237966
8042116
19886242
253619
2564144
246729
230597
291855
418038
253822
2974050
488834
145937
15387190
1504489
15193162
1695800
254001
486708
81259
14624
350774
22751230
101531
4693464
1107816
93543
1937133
11130
253970
14407884
85204
5207204
19712072
9319826
1431240
3064338
5510934
21385728
5534436
281924
21998526
1343704
22892546
2429292
1189383
4163264
22037066
5500148
1570619
1565064
3500544
2573438
1202363
12532
10710246
2848876
6264148
1570732
6206
15464390
21200850
5845758
949751
87998
72666
9034290
13899570
1909827
2298384
8241876
1526284
29702934
13878694
1640202
2440036
85868
252245
2210425
451631
14538
114928
1101665
11640022
6520954
345561
8493514
102369
1396557
29856129
1728973
7512624
5505316
253420
3019694
303356
5525650
6217564
57507
263211
3510372
435776
1316078
22543124
25134642
3655374
73396
64689
780061
1265598
83366
40765
15477504
499291
13131636
1638894
17668
9364684
6394430
1068953
16377862
2378830
119004
44419
290937
469849
4840206
425426
1846472
81693
1781812
253499
285665
405149
5535942
1305816
263743
89753
255289
924317
2244947
96827
1170393
1921078
252249
912583
109321
15831978
82350
16228146
800022
451284
253143
5927420
383518
385928
252496
1688699
68257
253637
6333064
8569206
2107814
9231140
1183907
486585
231001
252465
94407
263074
9211804
7372916
1646975
4232610
19412
252704
28970408
3961964
2351177
8490894
79859
5468300
252592
1699195
252486
46072
3155242
4523112
302463
973783
3801252
6095984
11157934
78437
27655241
160966
252389
252388
424986
13162144
12839816
1078885
90217
3333980
1459040
15264532
122768
6467380
6515342
5065790
13140
8844062
2555962
1807081
182916
4800046
411646
4360094
382028
10934196
5046534
245407
368400
313573
13914000
18328
4730224
7314118
17633184
929809
1514831
2156807
8326824
248428
8941422
86972
264051
15446834
220757
6255230
7628458
3996396
1037033
252562
315775
8702938
309565
12492650
1486616
4178986
287300
263388
2803940
1918969
4035898
299502
252364
1217565
21045742
2332522
400172
343168
253616
7546486
88100
959285
13562940
118930
120472
460976
6978268
4707
174204
6887248
4717194
2389120
